# Camera list with one line of data per camera:
#   CAMERA_ID, MODEL, WIDTH, HEIGHT, PARAMS[]
# Number of cameras: 49
1 SIMPLE_RADIAL 640 512 1433.735404837536 320 256 -0.079926749812861422
2 SIMPLE_RADIAL 640 512 1435.9918512022437 320 256 -0.041628143180848405
3 SIMPLE_RADIAL 640 512 1423.3348108794887 320 256 0.012174481634250403
4 SIMPLE_RADIAL 640 512 1464.4614369968099 320 256 -0.11452896922391013
5 SIMPLE_RADIAL 640 512 1447.1752127544125 320 256 -0.011867895830116998
6 SIMPLE_RADIAL 640 512 1430.9997399634126 320 256 -0.12165243088500366
7 SIMPLE_RADIAL 640 512 1431.5568690562418 320 256 -0.072253234250034173
8 SIMPLE_RADIAL 640 512 1426.1122792901317 320 256 -0.043186705801162857
9 SIMPLE_RADIAL 640 512 1458.0008394368433 320 256 -0.069992665873683052
10 SIMPLE_RADIAL 640 512 1430.8217910419578 320 256 -0.021737085020109528
11 SIMPLE_RADIAL 640 512 1437.8972665359981 320 256 -0.077393115547867042
12 SIMPLE_RADIAL 640 512 1421.6730298206664 320 256 -0.027368648001740895
13 SIMPLE_RADIAL 640 512 1442.6634573589004 320 256 -0.069754133691169395
14 SIMPLE_RADIAL 640 512 1435.3766037808662 320 256 -0.042297006762402868
15 SIMPLE_RADIAL 640 512 1415.4418232887485 320 256 -0.014422823348108108
16 SIMPLE_RADIAL 640 512 1426.6772989599481 320 256 -0.013325318628074576
17 SIMPLE_RADIAL 640 512 1437.2490010182139 320 256 -0.041692183482777
18 SIMPLE_RADIAL 640 512 1417.4485583954074 320 256 -8.6762180293485403e-05
19 SIMPLE_RADIAL 640 512 1427.6097264944276 320 256 -0.041186978743353628
20 SIMPLE_RADIAL 640 512 1380.3716231480234 320 256 0.0073392228358044494
21 SIMPLE_RADIAL 640 512 1393.3048402968843 320 256 0.031111708470251475
22 SIMPLE_RADIAL 640 512 1403.2179272836813 320 256 -0.073170068738715011
23 SIMPLE_RADIAL 640 512 1394.7369885405612 320 256 0.059482574316743669
24 SIMPLE_RADIAL 640 512 1416.3479704726587 320 256 0.0030666504706007144
25 SIMPLE_RADIAL 640 512 1413.4555001349954 320 256 0.0047452012531166553
26 SIMPLE_RADIAL 640 512 1433.6734096985049 320 256 -0.047680332460712141
27 SIMPLE_RADIAL 640 512 1428.54616801918 320 256 -0.037402215669829098
28 SIMPLE_RADIAL 640 512 1427.3816235869506 320 256 -0.022021142823660442
29 SIMPLE_RADIAL 640 512 1431.0223266164421 320 256 -0.03943474321465322
30 SIMPLE_RADIAL 640 512 1435.6150367345745 320 256 -0.086484475977058939
31 SIMPLE_RADIAL 640 512 1431.2667551781251 320 256 -0.047080394032540204
32 SIMPLE_RADIAL 640 512 1437.1535194661587 320 256 -0.085117251897868826
33 SIMPLE_RADIAL 640 512 1429.8051895819776 320 256 -0.025172009906946489
34 SIMPLE_RADIAL 640 512 1408.9989675748566 320 256 0.013070489954374407
35 SIMPLE_RADIAL 640 512 1409.2948733498822 320 256 -0.035949707941990691
36 SIMPLE_RADIAL 640 512 1409.2354930164297 320 256 -0.014655777364533419
37 SIMPLE_RADIAL 640 512 1433.7868591892238 320 256 -0.036263733753005817
38 SIMPLE_RADIAL 640 512 1446.7609819991981 320 256 -0.00061321019652459401
39 SIMPLE_RADIAL 640 512 1491.8515284193422 320 256 -0.040538841945522243
40 SIMPLE_RADIAL 640 512 1470.0714605204835 320 256 -0.075709762276999409
41 SIMPLE_RADIAL 640 512 1376.5877257087034 320 256 -0.01390951476153343
42 SIMPLE_RADIAL 640 512 1410.0660404667578 320 256 -0.055318284023697858
43 SIMPLE_RADIAL 640 512 1414.9549234581789 320 256 0.0050135371966921602
44 SIMPLE_RADIAL 640 512 1443.5756306153216 320 256 -0.050103929882437254
45 SIMPLE_RADIAL 640 512 1409.7425715532063 320 256 -0.012536258349642724
46 SIMPLE_RADIAL 640 512 1435.1969238626293 320 256 -0.069478049209307863
47 SIMPLE_RADIAL 640 512 1430.9614550683564 320 256 -0.050316722141749766
48 SIMPLE_RADIAL 640 512 1425.0966540398099 320 256 -0.053942373628982764
49 SIMPLE_RADIAL 640 512 1427.3486247176268 320 256 -0.0098574420272549632
