# Camera list with one line of data per camera:
#   CAMERA_ID, MODEL, WIDTH, HEIGHT, PARAMS[]
# Number of cameras: 49
1 PINHOLE 641 512 1433.735404837536 1433.735404837536 320.5 256
2 PINHOLE 640 511 1435.9918512022437 1435.9918512022437 320 255.5
3 PINHOLE 638 510 1423.3348108794887 1423.3348108794887 319 255
4 PINHOLE 642 512 1464.4614369968099 1464.4614369968099 321 256
5 PINHOLE 639 511 1447.1752127544125 1447.1752127544125 319.5 255.5
6 PINHOLE 642 513 1430.9997399634126 1430.9997399634126 321 256.5
7 PINHOLE 641 512 1431.5568690562418 1431.5568690562418 320.5 256
8 PINHOLE 640 511 1426.1122792901317 1426.1122792901317 320 255.5
9 PINHOLE 641 512 1458.0008394368433 1458.0008394368433 320.5 256
10 PINHOLE 639 511 1430.8217910419578 1430.8217910419578 319.5 255.5
11 PINHOLE 641 512 1437.8972665359981 1437.8972665359981 320.5 256
12 PINHOLE 639 511 1421.6730298206664 1421.6730298206664 319.5 255.5
13 PINHOLE 641 512 1442.6634573589004 1442.6634573589004 320.5 256
14 PINHOLE 640 511 1435.3766037808662 1435.3766037808662 320 255.5
15 PINHOLE 639 511 1415.4418232887485 1415.4418232887485 319.5 255.5
16 PINHOLE 639 511 1426.6772989599481 1426.6772989599481 319.5 255.5
17 PINHOLE 640 511 1437.2490010182139 1437.2490010182139 320 255.5
18 PINHOLE 639 511 1417.4485583954074 1417.4485583954074 319.5 255.5
19 PINHOLE 640 511 1427.6097264944276 1427.6097264944276 320 255.5
20 PINHOLE 638 510 1380.3716231480234 1380.3716231480234 319 255
21 PINHOLE 637 509 1393.3048402968843 1393.3048402968843 318.5 254.5
22 PINHOLE 641 512 1403.2179272836813 1403.2179272836813 320.5 256
23 PINHOLE 635 508 1394.7369885405612 1394.7369885405612 317.5 254
24 PINHOLE 638 510 1416.3479704726587 1416.3479704726587 319 255
25 PINHOLE 638 510 1413.4555001349954 1413.4555001349954 319 255
26 PINHOLE 640 511 1433.6734096985049 1433.6734096985049 320 255.5
27 PINHOLE 640 511 1428.54616801918 1428.54616801918 320 255.5
28 PINHOLE 639 511 1427.3816235869506 1427.3816235869506 319.5 255.5
29 PINHOLE 640 511 1431.0223266164421 1431.0223266164421 320 255.5
30 PINHOLE 641 512 1435.6150367345745 1435.6150367345745 320.5 256
31 PINHOLE 640 511 1431.2667551781251 1431.2667551781251 320 255.5
32 PINHOLE 641 512 1437.1535194661587 1437.1535194661587 320.5 256
33 PINHOLE 639 511 1429.8051895819776 1429.8051895819776 319.5 255.5
34 PINHOLE 638 510 1408.9989675748566 1408.9989675748566 319 255
35 PINHOLE 640 511 1409.2948733498822 1409.2948733498822 320 255.5
36 PINHOLE 639 511 1409.2354930164297 1409.2354930164297 319.5 255.5
37 PINHOLE 640 511 1433.7868591892238 1433.7868591892238 320 255.5
38 PINHOLE 639 511 1446.7609819991981 1446.7609819991981 319.5 255.5
39 PINHOLE 640 511 1491.8515284193422 1491.8515284193422 320 255.5
40 PINHOLE 641 512 1470.0714605204835 1470.0714605204835 320.5 256
41 PINHOLE 639 511 1376.5877257087034 1376.5877257087034 319.5 255.5
42 PINHOLE 640 511 1410.0660404667578 1410.0660404667578 320 255.5
43 PINHOLE 638 510 1414.9549234581789 1414.9549234581789 319 255
44 PINHOLE 640 511 1443.5756306153216 1443.5756306153216 320 255.5
45 PINHOLE 639 511 1409.7425715532063 1409.7425715532063 319.5 255.5
46 PINHOLE 641 512 1435.1969238626293 1435.1969238626293 320.5 256
47 PINHOLE 640 511 1430.9614550683564 1430.9614550683564 320 255.5
48 PINHOLE 640 511 1425.0966540398099 1425.0966540398099 320 255.5
49 PINHOLE 639 511 1427.3486247176268 1427.3486247176268 319.5 255.5
